(kicad_pcb (version 20171130) (host pcbnew 5.1.6-c6e7f7d~87~ubuntu18.04.1)

  (general
    (thickness 1.6)
    (drawings 8)
    (tracks 116)
    (zones 0)
    (modules 23)
    (nets 25)
  )

  (page A4)
  (title_block
    (title "MIDI 5V I/O circuit")
    (date 2020-08-26)
    (rev 0.8)
    (company 6r1d)
    (comment 1 "Currently untested, awaits DIN-5 sockets to check sizes and pins")
    (comment 2 "Based on a circuit by Notes and Volts and MIDI DIN electrical specification")
  )

  (layers
    (0 F.Cu signal)
    (31 B.Cu signal)
    (32 B.Adhes user)
    (33 F.Adhes user)
    (34 B.Paste user)
    (35 F.Paste user)
    (36 B.SilkS user)
    (37 F.SilkS user)
    (38 B.Mask user)
    (39 F.Mask user)
    (40 Dwgs.User user)
    (41 Cmts.User user)
    (42 Eco1.User user)
    (43 Eco2.User user)
    (44 Edge.Cuts user)
    (45 Margin user)
    (46 B.CrtYd user)
    (47 F.CrtYd user)
    (48 B.Fab user)
    (49 F.Fab user)
  )

  (setup
    (last_trace_width 0.25)
    (trace_clearance 0.2)
    (zone_clearance 0.508)
    (zone_45_only no)
    (trace_min 0.2)
    (via_size 0.8)
    (via_drill 0.4)
    (via_min_size 0.4)
    (via_min_drill 0.3)
    (uvia_size 0.3)
    (uvia_drill 0.1)
    (uvias_allowed no)
    (uvia_min_size 0.2)
    (uvia_min_drill 0.1)
    (edge_width 0.05)
    (segment_width 0.2)
    (pcb_text_width 0.3)
    (pcb_text_size 1.5 1.5)
    (mod_edge_width 0.12)
    (mod_text_size 1 1)
    (mod_text_width 0.15)
    (pad_size 2.6 2.6)
    (pad_drill 1.4)
    (pad_to_mask_clearance 0.05)
    (aux_axis_origin 0 0)
    (visible_elements FFFFFF7F)
    (pcbplotparams
      (layerselection 0x010f0_ffffffff)
      (usegerberextensions true)
      (usegerberattributes true)
      (usegerberadvancedattributes true)
      (creategerberjobfile false)
      (excludeedgelayer true)
      (linewidth 0.150000)
      (plotframeref false)
      (viasonmask false)
      (mode 1)
      (useauxorigin false)
      (hpglpennumber 1)
      (hpglpenspeed 20)
      (hpglpendiameter 15.000000)
      (psnegative false)
      (psa4output false)
      (plotreference true)
      (plotvalue true)
      (plotinvisibletext false)
      (padsonsilk false)
      (subtractmaskfromsilk false)
      (outputformat 1)
      (mirror false)
      (drillshape 0)
      (scaleselection 1)
      (outputdirectory "PCBWay/"))
  )

  (net 0 "")
  (net 1 "Net-(D1-Pad1)")
  (net 2 "Net-(D1-Pad2)")
  (net 3 "Net-(FB1-Pad1)")
  (net 4 "Net-(FB1-Pad2)")
  (net 5 "Net-(FB2-Pad2)")
  (net 6 "Net-(FB2-Pad1)")
  (net 7 "Net-(FB3-Pad1)")
  (net 8 "Net-(FB3-Pad2)")
  (net 9 "Net-(FB4-Pad2)")
  (net 10 "Net-(J_IN_1-Pad1)")
  (net 11 "Net-(J_IN_1-Pad3)")
  (net 12 "Net-(J_OUT_1-Pad3)")
  (net 13 GND)
  (net 14 "Net-(J_OUT_1-Pad1)")
  (net 15 TX)
  (net 16 +5V)
  (net 17 RX)
  (net 18 "Net-(R5-Pad1)")
  (net 19 "Net-(U1-Pad1)")
  (net 20 "Net-(U1-Pad4)")
  (net 21 "Net-(D2-Pad2)")
  (net 22 "Net-(D3-Pad1)")
  (net 23 IN_SH)
  (net 24 IN_SH_OUT)

  (net_class Default "This is the default net class."
    (clearance 0.2)
    (trace_width 0.25)
    (via_dia 0.8)
    (via_drill 0.4)
    (uvia_dia 0.3)
    (uvia_drill 0.1)
  )

  (net_class Fat ""
    (clearance 0.3)
    (trace_width 0.4)
    (via_dia 1)
    (via_drill 0.6)
    (uvia_dia 0.3)
    (uvia_drill 0.1)
    (add_net +5V)
    (add_net GND)
    (add_net IN_SH)
    (add_net IN_SH_OUT)
    (add_net "Net-(D1-Pad1)")
    (add_net "Net-(D1-Pad2)")
    (add_net "Net-(D2-Pad2)")
    (add_net "Net-(D3-Pad1)")
    (add_net "Net-(FB1-Pad1)")
    (add_net "Net-(FB1-Pad2)")
    (add_net "Net-(FB2-Pad1)")
    (add_net "Net-(FB2-Pad2)")
    (add_net "Net-(FB3-Pad1)")
    (add_net "Net-(FB3-Pad2)")
    (add_net "Net-(FB4-Pad2)")
    (add_net "Net-(J_IN_1-Pad1)")
    (add_net "Net-(J_IN_1-Pad3)")
    (add_net "Net-(J_OUT_1-Pad1)")
    (add_net "Net-(J_OUT_1-Pad3)")
    (add_net "Net-(R5-Pad1)")
    (add_net "Net-(U1-Pad1)")
    (add_net "Net-(U1-Pad4)")
    (add_net RX)
    (add_net TX)
  )

  (module Logo:Grid_logo (layer B.Cu) (tedit 5F5E778B) (tstamp 5F5EF55F)
    (at 41.98 40.07 180)
    (descr "Imported from Grid_logo.svg")
    (tags svg2mod)
    (attr smd)
    (fp_text reference svg2mod (at 0 10.493085) (layer B.SilkS) hide
      (effects (font (size 1.524 1.524) (thickness 0.3048)) (justify mirror))
    )
    (fp_text value G*** (at 0 -10.493085) (layer B.SilkS) hide
      (effects (font (size 1.524 1.524) (thickness 0.3048)) (justify mirror))
    )
    (fp_poly (pts (xy -7.432927 -6.686416) (xy -5.500658 -5.642164) (xy -3.020757 -7.445085) (xy -7.432927 -7.445085)
      (xy -7.432927 -6.686416)) (layer B.SilkS) (width 0.070004))
    (fp_poly (pts (xy -4.487925 -5.043422) (xy -0.007021 -2.53377) (xy 4.473883 -5.043326) (xy 1.007694 -7.445085)
      (xy -1.040218 -7.445085) (xy -4.487925 -5.043422)) (layer B.SilkS) (width 0.070004))
    (fp_poly (pts (xy 3.006715 -7.445085) (xy 5.486616 -5.642164) (xy 7.432927 -6.686416) (xy 7.432927 -7.445085)
      (xy 3.006715 -7.445085)) (layer B.SilkS) (width 0.070004))
    (fp_poly (pts (xy -7.432927 -4.22395) (xy -6.351728 -5.042334) (xy -7.432927 -5.658539) (xy -7.432927 -4.22395)) (layer B.SilkS) (width 0.070004))
    (fp_poly (pts (xy 6.352238 -5.041559) (xy 7.432927 -4.234434) (xy 7.432927 -5.650112) (xy 6.352238 -5.041559)) (layer B.SilkS) (width 0.070004))
    (fp_poly (pts (xy -7.432927 -3.01933) (xy -7.432927 -1.461085) (xy -4.385295 -0.056152) (xy -0.860057 -2.085139)
      (xy -5.288627 -4.488937) (xy -7.432927 -3.01933)) (layer B.SilkS) (width 0.070004))
    (fp_poly (pts (xy 0.845963 -2.084985) (xy 4.334872 -0.113321) (xy 7.432927 -1.461085) (xy 7.432927 -3.01933)
      (xy 5.28541 -4.47882) (xy 0.845963 -2.084985)) (layer B.SilkS) (width 0.070004))
    (fp_poly (pts (xy -3.557492 0.284086) (xy -0.007021 1.884721) (xy 3.54351 0.284086) (xy -0.011611 -1.636156)
      (xy -3.557492 0.284086)) (layer B.SilkS) (width 0.070004))
    (fp_poly (pts (xy -7.432927 1.583894) (xy -5.123291 0.278411) (xy -7.432927 -0.76169) (xy -7.432927 1.583894)) (layer B.SilkS) (width 0.070004))
    (fp_poly (pts (xy 5.108951 0.278711) (xy 7.432927 1.586728) (xy 7.432927 -0.755488) (xy 5.108951 0.278711)) (layer B.SilkS) (width 0.070004))
    (fp_poly (pts (xy -7.086262 2.202211) (xy -3.729783 3.518236) (xy -0.743415 2.215019) (xy -4.255534 0.662758)
      (xy -7.086262 2.202211)) (layer B.SilkS) (width 0.070004))
    (fp_poly (pts (xy 0.729722 2.215193) (xy 3.642283 3.546921) (xy 7.073048 2.203039) (xy 4.227634 0.665509)
      (xy 0.729722 2.215193)) (layer B.SilkS) (width 0.070004))
    (fp_poly (pts (xy 0.005452 2.598265) (xy -2.859228 3.869956) (xy -0.007021 4.971467) (xy 2.845187 3.869956)
      (xy 0.005452 2.598265)) (layer B.SilkS) (width 0.070004))
    (fp_poly (pts (xy -7.432927 4.714868) (xy -6.745435 4.95652) (xy -4.285486 3.849953) (xy -7.432927 2.679278)
      (xy -7.432927 4.714868)) (layer B.SilkS) (width 0.070004))
    (fp_poly (pts (xy 4.272922 3.849302) (xy 6.639376 4.916518) (xy 7.432927 4.714434) (xy 7.432927 2.672584)
      (xy 4.272922 3.849302)) (layer B.SilkS) (width 0.070004))
    (fp_poly (pts (xy -5.971793 5.202595) (xy -3.124086 6.14396) (xy -0.749177 5.174842) (xy -3.568567 4.128152)
      (xy -5.971793 5.202595)) (layer B.SilkS) (width 0.070004))
    (fp_poly (pts (xy 0.735136 5.174842) (xy 3.110352 6.144077) (xy 5.958843 5.205265) (xy 3.535513 4.127394)
      (xy 0.735136 5.174842)) (layer B.SilkS) (width 0.070004))
    (fp_poly (pts (xy -7.432927 5.828335) (xy -7.432927 6.713675) (xy -5.842327 7.182375) (xy -3.739732 6.364236)
      (xy -6.540827 5.454381) (xy -7.432927 5.828335)) (layer B.SilkS) (width 0.070004))
    (fp_poly (pts (xy -2.482765 6.374755) (xy -0.007021 7.183906) (xy 2.467558 6.375136) (xy 0.022084 5.45596)
      (xy -2.482765 6.374755)) (layer B.SilkS) (width 0.070004))
    (fp_poly (pts (xy 3.766937 6.346793) (xy 5.828363 7.182374) (xy 7.432927 6.713675) (xy 7.432927 5.828335)
      (xy 6.541415 5.444424) (xy 3.766937 6.346793)) (layer B.SilkS) (width 0.070004))
    (fp_poly (pts (xy -5.109934 7.445085) (xy -0.600513 7.445085) (xy -3.058961 6.601256) (xy -5.109934 7.445085)) (layer B.SilkS) (width 0.070004))
    (fp_poly (pts (xy 0.584027 7.445085) (xy 4.791872 7.445085) (xy 3.025108 6.601746) (xy 0.584027 7.445085)) (layer B.SilkS) (width 0.070004))
    (fp_poly (pts (xy -7.432927 7.445085) (xy -6.317922 7.445085) (xy -7.432927 7.041429) (xy -7.432927 7.445085)) (layer B.SilkS) (width 0.070004))
    (fp_poly (pts (xy 6.293611 7.445085) (xy 7.432927 7.445085) (xy 7.432927 7.063494) (xy 6.293611 7.445085)) (layer B.SilkS) (width 0.070004))
  )

  (module Connector_Molex:Molex_KK-254_AE-6410-04A_1x04_P2.54mm_Vertical (layer F.Cu) (tedit 5EA53D3B) (tstamp 5F468634)
    (at 51.25 50.21 90)
    (descr "Molex KK-254 Interconnect System, old/engineering part number: AE-6410-04A example for new part number: 22-27-2041, 4 Pins (http://www.molex.com/pdm_docs/sd/022272021_sd.pdf), generated with kicad-footprint-generator")
    (tags "connector Molex KK-254 vertical")
    (path /5F4756C5)
    (fp_text reference J1 (at 3.81 -4.12 90) (layer F.SilkS) hide
      (effects (font (size 1 1) (thickness 0.15)))
    )
    (fp_text value Conn_01x04 (at 3.81 4.08 90) (layer F.Fab) hide
      (effects (font (size 1 1) (thickness 0.15)))
    )
    (fp_line (start 9.39 -3.42) (end -1.77 -3.42) (layer F.CrtYd) (width 0.05))
    (fp_line (start 9.39 3.38) (end 9.39 -3.42) (layer F.CrtYd) (width 0.05))
    (fp_line (start -1.77 3.38) (end 9.39 3.38) (layer F.CrtYd) (width 0.05))
    (fp_line (start -1.77 -3.42) (end -1.77 3.38) (layer F.CrtYd) (width 0.05))
    (fp_line (start 8.42 -2.43) (end 8.42 -3.03) (layer F.SilkS) (width 0.12))
    (fp_line (start 6.82 -2.43) (end 8.42 -2.43) (layer F.SilkS) (width 0.12))
    (fp_line (start 6.82 -3.03) (end 6.82 -2.43) (layer F.SilkS) (width 0.12))
    (fp_line (start 5.88 -2.43) (end 5.88 -3.03) (layer F.SilkS) (width 0.12))
    (fp_line (start 4.28 -2.43) (end 5.88 -2.43) (layer F.SilkS) (width 0.12))
    (fp_line (start 4.28 -3.03) (end 4.28 -2.43) (layer F.SilkS) (width 0.12))
    (fp_line (start 3.34 -2.43) (end 3.34 -3.03) (layer F.SilkS) (width 0.12))
    (fp_line (start 1.74 -2.43) (end 3.34 -2.43) (layer F.SilkS) (width 0.12))
    (fp_line (start 1.74 -3.03) (end 1.74 -2.43) (layer F.SilkS) (width 0.12))
    (fp_line (start 0.8 -2.43) (end 0.8 -3.03) (layer F.SilkS) (width 0.12))
    (fp_line (start -0.8 -2.43) (end 0.8 -2.43) (layer F.SilkS) (width 0.12))
    (fp_line (start -0.8 -3.03) (end -0.8 -2.43) (layer F.SilkS) (width 0.12))
    (fp_line (start 7.37 2.99) (end 7.37 1.99) (layer F.SilkS) (width 0.12))
    (fp_line (start 0.25 2.99) (end 0.25 1.99) (layer F.SilkS) (width 0.12))
    (fp_line (start 7.37 1.46) (end 7.62 1.99) (layer F.SilkS) (width 0.12))
    (fp_line (start 0.25 1.46) (end 7.37 1.46) (layer F.SilkS) (width 0.12))
    (fp_line (start 0 1.99) (end 0.25 1.46) (layer F.SilkS) (width 0.12))
    (fp_line (start 7.62 1.99) (end 7.62 2.99) (layer F.SilkS) (width 0.12))
    (fp_line (start 0 1.99) (end 7.62 1.99) (layer F.SilkS) (width 0.12))
    (fp_line (start 0 2.99) (end 0 1.99) (layer F.SilkS) (width 0.12))
    (fp_line (start -0.562893 0) (end -1.27 0.5) (layer F.Fab) (width 0.1))
    (fp_line (start -1.27 -0.5) (end -0.562893 0) (layer F.Fab) (width 0.1))
    (fp_line (start -1.67 -2) (end -1.67 2) (layer F.SilkS) (width 0.12))
    (fp_line (start 9 -3.03) (end -1.38 -3.03) (layer F.SilkS) (width 0.12))
    (fp_line (start 9 2.99) (end 9 -3.03) (layer F.SilkS) (width 0.12))
    (fp_line (start -1.38 2.99) (end 9 2.99) (layer F.SilkS) (width 0.12))
    (fp_line (start -1.38 -3.03) (end -1.38 2.99) (layer F.SilkS) (width 0.12))
    (fp_line (start 8.89 -2.92) (end -1.27 -2.92) (layer F.Fab) (width 0.1))
    (fp_line (start 8.89 2.88) (end 8.89 -2.92) (layer F.Fab) (width 0.1))
    (fp_line (start -1.27 2.88) (end 8.89 2.88) (layer F.Fab) (width 0.1))
    (fp_line (start -1.27 -2.92) (end -1.27 2.88) (layer F.Fab) (width 0.1))
    (fp_text user %R (at 3.81 -2.22 90) (layer F.Fab)
      (effects (font (size 1 1) (thickness 0.15)))
    )
    (pad 1 thru_hole roundrect (at 0 0 90) (size 1.74 2.19) (drill 1.19) (layers *.Cu *.Mask) (roundrect_rratio 0.143678)
      (net 21 "Net-(D2-Pad2)"))
    (pad 2 thru_hole oval (at 2.54 0 90) (size 1.74 2.19) (drill 1.19) (layers *.Cu *.Mask)
      (net 22 "Net-(D3-Pad1)"))
    (pad 3 thru_hole oval (at 5.08 0 90) (size 1.74 2.19) (drill 1.19) (layers *.Cu *.Mask)
      (net 15 TX))
    (pad 4 thru_hole oval (at 7.62 0 90) (size 1.74 2.19) (drill 1.19) (layers *.Cu *.Mask)
      (net 17 RX))
    (model ${KISYS3DMOD}/Connector_Molex.3dshapes/Molex_KK-254_AE-6410-04A_1x04_P2.54mm_Vertical.wrl
      (at (xyz 0 0 0))
      (scale (xyz 1 1 1))
      (rotate (xyz 0 0 0))
    )
  )

  (module Package_DIP:DIP-8_W7.62mm (layer F.Cu) (tedit 5A02E8C5) (tstamp 5F46842F)
    (at 25.23 42.74)
    (descr "8-lead though-hole mounted DIP package, row spacing 7.62 mm (300 mils)")
    (tags "THT DIP DIL PDIP 2.54mm 7.62mm 300mil")
    (path /5F43292B)
    (fp_text reference U1 (at 3.81 -2.33) (layer F.SilkS) hide
      (effects (font (size 1 1) (thickness 0.15)))
    )
    (fp_text value 6N138 (at 3.81 9.95) (layer F.Fab) hide
      (effects (font (size 1 1) (thickness 0.15)))
    )
    (fp_line (start 8.7 -1.55) (end -1.1 -1.55) (layer F.CrtYd) (width 0.05))
    (fp_line (start 8.7 9.15) (end 8.7 -1.55) (layer F.CrtYd) (width 0.05))
    (fp_line (start -1.1 9.15) (end 8.7 9.15) (layer F.CrtYd) (width 0.05))
    (fp_line (start -1.1 -1.55) (end -1.1 9.15) (layer F.CrtYd) (width 0.05))
    (fp_line (start 6.46 -1.33) (end 4.81 -1.33) (layer F.SilkS) (width 0.12))
    (fp_line (start 6.46 8.95) (end 6.46 -1.33) (layer F.SilkS) (width 0.12))
    (fp_line (start 1.16 8.95) (end 6.46 8.95) (layer F.SilkS) (width 0.12))
    (fp_line (start 1.16 -1.33) (end 1.16 8.95) (layer F.SilkS) (width 0.12))
    (fp_line (start 2.81 -1.33) (end 1.16 -1.33) (layer F.SilkS) (width 0.12))
    (fp_line (start 0.635 -0.27) (end 1.635 -1.27) (layer F.Fab) (width 0.1))
    (fp_line (start 0.635 8.89) (end 0.635 -0.27) (layer F.Fab) (width 0.1))
    (fp_line (start 6.985 8.89) (end 0.635 8.89) (layer F.Fab) (width 0.1))
    (fp_line (start 6.985 -1.27) (end 6.985 8.89) (layer F.Fab) (width 0.1))
    (fp_line (start 1.635 -1.27) (end 6.985 -1.27) (layer F.Fab) (width 0.1))
    (fp_arc (start 3.81 -1.33) (end 2.81 -1.33) (angle -180) (layer F.SilkS) (width 0.12))
    (fp_text user %R (at 3.81 3.81) (layer F.Fab)
      (effects (font (size 1 1) (thickness 0.15)))
    )
    (pad 1 thru_hole rect (at 0 0) (size 1.6 1.6) (drill 0.8) (layers *.Cu *.Mask)
      (net 19 "Net-(U1-Pad1)"))
    (pad 5 thru_hole oval (at 7.62 7.62) (size 1.6 1.6) (drill 0.8) (layers *.Cu *.Mask)
      (net 13 GND))
    (pad 2 thru_hole oval (at 0 2.54) (size 1.6 1.6) (drill 0.8) (layers *.Cu *.Mask)
      (net 1 "Net-(D1-Pad1)"))
    (pad 6 thru_hole oval (at 7.62 5.08) (size 1.6 1.6) (drill 0.8) (layers *.Cu *.Mask)
      (net 17 RX))
    (pad 3 thru_hole oval (at 0 5.08) (size 1.6 1.6) (drill 0.8) (layers *.Cu *.Mask)
      (net 2 "Net-(D1-Pad2)"))
    (pad 7 thru_hole oval (at 7.62 2.54) (size 1.6 1.6) (drill 0.8) (layers *.Cu *.Mask)
      (net 18 "Net-(R5-Pad1)"))
    (pad 4 thru_hole oval (at 0 7.62) (size 1.6 1.6) (drill 0.8) (layers *.Cu *.Mask)
      (net 20 "Net-(U1-Pad4)"))
    (pad 8 thru_hole oval (at 7.62 0) (size 1.6 1.6) (drill 0.8) (layers *.Cu *.Mask)
      (net 16 +5V))
    (model ${KISYS3DMOD}/Package_DIP.3dshapes/DIP-8_W7.62mm.wrl
      (at (xyz 0 0 0))
      (scale (xyz 1 1 1))
      (rotate (xyz 0 0 0))
    )
  )

  (module Resistor_SMD:R_0603_1608Metric (layer F.Cu) (tedit 5B301BBD) (tstamp 5F46857D)
    (at 54.68 39.13 270)
    (descr "Resistor SMD 0603 (1608 Metric), square (rectangular) end terminal, IPC_7351 nominal, (Body size source: http://www.tortai-tech.com/upload/download/2011102023233369053.pdf), generated with kicad-footprint-generator")
    (tags resistor)
    (path /5F5000D0)
    (attr smd)
    (fp_text reference R1 (at 0 -1.43 90) (layer F.SilkS) hide
      (effects (font (size 1 1) (thickness 0.15)))
    )
    (fp_text value 220 (at 0 1.43 90) (layer F.Fab) hide
      (effects (font (size 1 1) (thickness 0.15)))
    )
    (fp_line (start 1.48 0.73) (end -1.48 0.73) (layer F.CrtYd) (width 0.05))
    (fp_line (start 1.48 -0.73) (end 1.48 0.73) (layer F.CrtYd) (width 0.05))
    (fp_line (start -1.48 -0.73) (end 1.48 -0.73) (layer F.CrtYd) (width 0.05))
    (fp_line (start -1.48 0.73) (end -1.48 -0.73) (layer F.CrtYd) (width 0.05))
    (fp_line (start -0.162779 0.51) (end 0.162779 0.51) (layer F.SilkS) (width 0.12))
    (fp_line (start -0.162779 -0.51) (end 0.162779 -0.51) (layer F.SilkS) (width 0.12))
    (fp_line (start 0.8 0.4) (end -0.8 0.4) (layer F.Fab) (width 0.1))
    (fp_line (start 0.8 -0.4) (end 0.8 0.4) (layer F.Fab) (width 0.1))
    (fp_line (start -0.8 -0.4) (end 0.8 -0.4) (layer F.Fab) (width 0.1))
    (fp_line (start -0.8 0.4) (end -0.8 -0.4) (layer F.Fab) (width 0.1))
    (fp_text user %R (at 0 0 90) (layer F.Fab)
      (effects (font (size 0.4 0.4) (thickness 0.06)))
    )
    (pad 2 smd roundrect (at 0.7875 0 270) (size 0.875 0.95) (layers F.Cu F.Paste F.Mask) (roundrect_rratio 0.25)
      (net 15 TX))
    (pad 1 smd roundrect (at -0.7875 0 270) (size 0.875 0.95) (layers F.Cu F.Paste F.Mask) (roundrect_rratio 0.25)
      (net 4 "Net-(FB1-Pad2)"))
    (model ${KISYS3DMOD}/Resistor_SMD.3dshapes/R_0603_1608Metric.wrl
      (at (xyz 0 0 0))
      (scale (xyz 1 1 1))
      (rotate (xyz 0 0 0))
    )
  )

  (module Resistor_SMD:R_0603_1608Metric (layer F.Cu) (tedit 5B301BBD) (tstamp 5F46A39A)
    (at 44.73 39.13 90)
    (descr "Resistor SMD 0603 (1608 Metric), square (rectangular) end terminal, IPC_7351 nominal, (Body size source: http://www.tortai-tech.com/upload/download/2011102023233369053.pdf), generated with kicad-footprint-generator")
    (tags resistor)
    (path /5F49B7A9)
    (attr smd)
    (fp_text reference R2 (at 0 -1.43 90) (layer F.SilkS) hide
      (effects (font (size 1 1) (thickness 0.15)))
    )
    (fp_text value 220 (at 0 1.43 90) (layer F.Fab) hide
      (effects (font (size 1 1) (thickness 0.15)))
    )
    (fp_line (start -0.8 0.4) (end -0.8 -0.4) (layer F.Fab) (width 0.1))
    (fp_line (start -0.8 -0.4) (end 0.8 -0.4) (layer F.Fab) (width 0.1))
    (fp_line (start 0.8 -0.4) (end 0.8 0.4) (layer F.Fab) (width 0.1))
    (fp_line (start 0.8 0.4) (end -0.8 0.4) (layer F.Fab) (width 0.1))
    (fp_line (start -0.162779 -0.51) (end 0.162779 -0.51) (layer F.SilkS) (width 0.12))
    (fp_line (start -0.162779 0.51) (end 0.162779 0.51) (layer F.SilkS) (width 0.12))
    (fp_line (start -1.48 0.73) (end -1.48 -0.73) (layer F.CrtYd) (width 0.05))
    (fp_line (start -1.48 -0.73) (end 1.48 -0.73) (layer F.CrtYd) (width 0.05))
    (fp_line (start 1.48 -0.73) (end 1.48 0.73) (layer F.CrtYd) (width 0.05))
    (fp_line (start 1.48 0.73) (end -1.48 0.73) (layer F.CrtYd) (width 0.05))
    (fp_text user %R (at 0 0 90) (layer F.Fab)
      (effects (font (size 0.4 0.4) (thickness 0.06)))
    )
    (pad 1 smd roundrect (at -0.7875 0 90) (size 0.875 0.95) (layers F.Cu F.Paste F.Mask) (roundrect_rratio 0.25)
      (net 16 +5V))
    (pad 2 smd roundrect (at 0.7875 0 90) (size 0.875 0.95) (layers F.Cu F.Paste F.Mask) (roundrect_rratio 0.25)
      (net 6 "Net-(FB2-Pad1)"))
    (model ${KISYS3DMOD}/Resistor_SMD.3dshapes/R_0603_1608Metric.wrl
      (at (xyz 0 0 0))
      (scale (xyz 1 1 1))
      (rotate (xyz 0 0 0))
    )
  )

  (module Resistor_SMD:R_0603_1608Metric (layer F.Cu) (tedit 5B301BBD) (tstamp 5F46869D)
    (at 21.52 39.13 90)
    (descr "Resistor SMD 0603 (1608 Metric), square (rectangular) end terminal, IPC_7351 nominal, (Body size source: http://www.tortai-tech.com/upload/download/2011102023233369053.pdf), generated with kicad-footprint-generator")
    (tags resistor)
    (path /5F431879)
    (attr smd)
    (fp_text reference R3 (at 0 -1.43 90) (layer F.SilkS) hide
      (effects (font (size 1 1) (thickness 0.15)))
    )
    (fp_text value 220 (at 0 1.43 90) (layer F.Fab) hide
      (effects (font (size 1 1) (thickness 0.15)))
    )
    (fp_line (start -0.8 0.4) (end -0.8 -0.4) (layer F.Fab) (width 0.1))
    (fp_line (start -0.8 -0.4) (end 0.8 -0.4) (layer F.Fab) (width 0.1))
    (fp_line (start 0.8 -0.4) (end 0.8 0.4) (layer F.Fab) (width 0.1))
    (fp_line (start 0.8 0.4) (end -0.8 0.4) (layer F.Fab) (width 0.1))
    (fp_line (start -0.162779 -0.51) (end 0.162779 -0.51) (layer F.SilkS) (width 0.12))
    (fp_line (start -0.162779 0.51) (end 0.162779 0.51) (layer F.SilkS) (width 0.12))
    (fp_line (start -1.48 0.73) (end -1.48 -0.73) (layer F.CrtYd) (width 0.05))
    (fp_line (start -1.48 -0.73) (end 1.48 -0.73) (layer F.CrtYd) (width 0.05))
    (fp_line (start 1.48 -0.73) (end 1.48 0.73) (layer F.CrtYd) (width 0.05))
    (fp_line (start 1.48 0.73) (end -1.48 0.73) (layer F.CrtYd) (width 0.05))
    (fp_text user %R (at 0 0 90) (layer F.Fab)
      (effects (font (size 0.4 0.4) (thickness 0.06)))
    )
    (pad 1 smd roundrect (at -0.7875 0 90) (size 0.875 0.95) (layers F.Cu F.Paste F.Mask) (roundrect_rratio 0.25)
      (net 1 "Net-(D1-Pad1)"))
    (pad 2 smd roundrect (at 0.7875 0 90) (size 0.875 0.95) (layers F.Cu F.Paste F.Mask) (roundrect_rratio 0.25)
      (net 7 "Net-(FB3-Pad1)"))
    (model ${KISYS3DMOD}/Resistor_SMD.3dshapes/R_0603_1608Metric.wrl
      (at (xyz 0 0 0))
      (scale (xyz 1 1 1))
      (rotate (xyz 0 0 0))
    )
  )

  (module Resistor_SMD:R_0603_1608Metric (layer F.Cu) (tedit 5B301BBD) (tstamp 5F5E1C35)
    (at 42.13 42.58)
    (descr "Resistor SMD 0603 (1608 Metric), square (rectangular) end terminal, IPC_7351 nominal, (Body size source: http://www.tortai-tech.com/upload/download/2011102023233369053.pdf), generated with kicad-footprint-generator")
    (tags resistor)
    (path /5F43376F)
    (attr smd)
    (fp_text reference R4 (at 0 -1.43) (layer F.SilkS) hide
      (effects (font (size 1 1) (thickness 0.15)))
    )
    (fp_text value 220 (at 0 1.43) (layer F.Fab) hide
      (effects (font (size 1 1) (thickness 0.15)))
    )
    (fp_line (start 1.48 0.73) (end -1.48 0.73) (layer F.CrtYd) (width 0.05))
    (fp_line (start 1.48 -0.73) (end 1.48 0.73) (layer F.CrtYd) (width 0.05))
    (fp_line (start -1.48 -0.73) (end 1.48 -0.73) (layer F.CrtYd) (width 0.05))
    (fp_line (start -1.48 0.73) (end -1.48 -0.73) (layer F.CrtYd) (width 0.05))
    (fp_line (start -0.162779 0.51) (end 0.162779 0.51) (layer F.SilkS) (width 0.12))
    (fp_line (start -0.162779 -0.51) (end 0.162779 -0.51) (layer F.SilkS) (width 0.12))
    (fp_line (start 0.8 0.4) (end -0.8 0.4) (layer F.Fab) (width 0.1))
    (fp_line (start 0.8 -0.4) (end 0.8 0.4) (layer F.Fab) (width 0.1))
    (fp_line (start -0.8 -0.4) (end 0.8 -0.4) (layer F.Fab) (width 0.1))
    (fp_line (start -0.8 0.4) (end -0.8 -0.4) (layer F.Fab) (width 0.1))
    (fp_text user %R (at 0 0) (layer F.Fab)
      (effects (font (size 0.4 0.4) (thickness 0.06)))
    )
    (pad 2 smd roundrect (at 0.7875 0) (size 0.875 0.95) (layers F.Cu F.Paste F.Mask) (roundrect_rratio 0.25)
      (net 17 RX))
    (pad 1 smd roundrect (at -0.7875 0) (size 0.875 0.95) (layers F.Cu F.Paste F.Mask) (roundrect_rratio 0.25)
      (net 16 +5V))
    (model ${KISYS3DMOD}/Resistor_SMD.3dshapes/R_0603_1608Metric.wrl
      (at (xyz 0 0 0))
      (scale (xyz 1 1 1))
      (rotate (xyz 0 0 0))
    )
  )

  (module Resistor_SMD:R_0603_1608Metric (layer F.Cu) (tedit 5B301BBD) (tstamp 5F5D0E6B)
    (at 40.53 50.42)
    (descr "Resistor SMD 0603 (1608 Metric), square (rectangular) end terminal, IPC_7351 nominal, (Body size source: http://www.tortai-tech.com/upload/download/2011102023233369053.pdf), generated with kicad-footprint-generator")
    (tags resistor)
    (path /5F433A78)
    (attr smd)
    (fp_text reference R5 (at 0 -1.43) (layer F.SilkS) hide
      (effects (font (size 1 1) (thickness 0.15)))
    )
    (fp_text value 4.7k (at 0 1.43) (layer F.Fab) hide
      (effects (font (size 1 1) (thickness 0.15)))
    )
    (fp_line (start -0.8 0.4) (end -0.8 -0.4) (layer F.Fab) (width 0.1))
    (fp_line (start -0.8 -0.4) (end 0.8 -0.4) (layer F.Fab) (width 0.1))
    (fp_line (start 0.8 -0.4) (end 0.8 0.4) (layer F.Fab) (width 0.1))
    (fp_line (start 0.8 0.4) (end -0.8 0.4) (layer F.Fab) (width 0.1))
    (fp_line (start -0.162779 -0.51) (end 0.162779 -0.51) (layer F.SilkS) (width 0.12))
    (fp_line (start -0.162779 0.51) (end 0.162779 0.51) (layer F.SilkS) (width 0.12))
    (fp_line (start -1.48 0.73) (end -1.48 -0.73) (layer F.CrtYd) (width 0.05))
    (fp_line (start -1.48 -0.73) (end 1.48 -0.73) (layer F.CrtYd) (width 0.05))
    (fp_line (start 1.48 -0.73) (end 1.48 0.73) (layer F.CrtYd) (width 0.05))
    (fp_line (start 1.48 0.73) (end -1.48 0.73) (layer F.CrtYd) (width 0.05))
    (fp_text user %R (at 0 0) (layer F.Fab)
      (effects (font (size 0.4 0.4) (thickness 0.06)))
    )
    (pad 1 smd roundrect (at -0.7875 0) (size 0.875 0.95) (layers F.Cu F.Paste F.Mask) (roundrect_rratio 0.25)
      (net 18 "Net-(R5-Pad1)"))
    (pad 2 smd roundrect (at 0.7875 0) (size 0.875 0.95) (layers F.Cu F.Paste F.Mask) (roundrect_rratio 0.25)
      (net 13 GND))
    (model ${KISYS3DMOD}/Resistor_SMD.3dshapes/R_0603_1608Metric.wrl
      (at (xyz 0 0 0))
      (scale (xyz 1 1 1))
      (rotate (xyz 0 0 0))
    )
  )

  (module Capacitor_SMD:C_0603_1608Metric (layer F.Cu) (tedit 5B301BBE) (tstamp 5F46E870)
    (at 28.38 38.38 270)
    (descr "Capacitor SMD 0603 (1608 Metric), square (rectangular) end terminal, IPC_7351 nominal, (Body size source: http://www.tortai-tech.com/upload/download/2011102023233369053.pdf), generated with kicad-footprint-generator")
    (tags capacitor)
    (path /5F5630B6)
    (attr smd)
    (fp_text reference C1 (at 0 -1.43 90) (layer F.SilkS) hide
      (effects (font (size 1 1) (thickness 0.15)))
    )
    (fp_text value 0.1uF (at 0 1.43 90) (layer F.Fab) hide
      (effects (font (size 1 1) (thickness 0.15)))
    )
    (fp_line (start 1.48 0.73) (end -1.48 0.73) (layer F.CrtYd) (width 0.05))
    (fp_line (start 1.48 -0.73) (end 1.48 0.73) (layer F.CrtYd) (width 0.05))
    (fp_line (start -1.48 -0.73) (end 1.48 -0.73) (layer F.CrtYd) (width 0.05))
    (fp_line (start -1.48 0.73) (end -1.48 -0.73) (layer F.CrtYd) (width 0.05))
    (fp_line (start -0.162779 0.51) (end 0.162779 0.51) (layer F.SilkS) (width 0.12))
    (fp_line (start -0.162779 -0.51) (end 0.162779 -0.51) (layer F.SilkS) (width 0.12))
    (fp_line (start 0.8 0.4) (end -0.8 0.4) (layer F.Fab) (width 0.1))
    (fp_line (start 0.8 -0.4) (end 0.8 0.4) (layer F.Fab) (width 0.1))
    (fp_line (start -0.8 -0.4) (end 0.8 -0.4) (layer F.Fab) (width 0.1))
    (fp_line (start -0.8 0.4) (end -0.8 -0.4) (layer F.Fab) (width 0.1))
    (fp_text user %R (at 0 0 90) (layer F.Fab)
      (effects (font (size 0.4 0.4) (thickness 0.06)))
    )
    (pad 1 smd roundrect (at -0.7875 0 270) (size 0.875 0.95) (layers F.Cu F.Paste F.Mask) (roundrect_rratio 0.25)
      (net 23 IN_SH))
    (pad 2 smd roundrect (at 0.7875 0 270) (size 0.875 0.95) (layers F.Cu F.Paste F.Mask) (roundrect_rratio 0.25)
      (net 13 GND))
    (model ${KISYS3DMOD}/Capacitor_SMD.3dshapes/C_0603_1608Metric.wrl
      (at (xyz 0 0 0))
      (scale (xyz 1 1 1))
      (rotate (xyz 0 0 0))
    )
  )

  (module Diode_SMD:D_1206_3216Metric_Pad1.42x1.75mm_HandSolder (layer F.Cu) (tedit 5B4B45C8) (tstamp 5F59D927)
    (at 21.55 46.49 270)
    (descr "Diode SMD 1206 (3216 Metric), square (rectangular) end terminal, IPC_7351 nominal, (Body size source: http://www.tortai-tech.com/upload/download/2011102023233369053.pdf), generated with kicad-footprint-generator")
    (tags "diode handsolder")
    (path /5F431E0C)
    (attr smd)
    (fp_text reference D1 (at 0 -1.82 90) (layer F.SilkS) hide
      (effects (font (size 1 1) (thickness 0.15)))
    )
    (fp_text value 1N914 (at 0 1.82 90) (layer F.Fab) hide
      (effects (font (size 1 1) (thickness 0.15)))
    )
    (fp_line (start 2.45 1.12) (end -2.45 1.12) (layer F.CrtYd) (width 0.05))
    (fp_line (start 2.45 -1.12) (end 2.45 1.12) (layer F.CrtYd) (width 0.05))
    (fp_line (start -2.45 -1.12) (end 2.45 -1.12) (layer F.CrtYd) (width 0.05))
    (fp_line (start -2.45 1.12) (end -2.45 -1.12) (layer F.CrtYd) (width 0.05))
    (fp_line (start -2.46 1.135) (end 1.6 1.135) (layer F.SilkS) (width 0.12))
    (fp_line (start -2.46 -1.135) (end -2.46 1.135) (layer F.SilkS) (width 0.12))
    (fp_line (start 1.6 -1.135) (end -2.46 -1.135) (layer F.SilkS) (width 0.12))
    (fp_line (start 1.6 0.8) (end 1.6 -0.8) (layer F.Fab) (width 0.1))
    (fp_line (start -1.6 0.8) (end 1.6 0.8) (layer F.Fab) (width 0.1))
    (fp_line (start -1.6 -0.4) (end -1.6 0.8) (layer F.Fab) (width 0.1))
    (fp_line (start -1.2 -0.8) (end -1.6 -0.4) (layer F.Fab) (width 0.1))
    (fp_line (start 1.6 -0.8) (end -1.2 -0.8) (layer F.Fab) (width 0.1))
    (fp_text user %R (at 0 0 90) (layer F.Fab)
      (effects (font (size 0.8 0.8) (thickness 0.12)))
    )
    (pad 1 smd roundrect (at -1.4875 0 270) (size 1.425 1.75) (layers F.Cu F.Paste F.Mask) (roundrect_rratio 0.175439)
      (net 1 "Net-(D1-Pad1)"))
    (pad 2 smd roundrect (at 1.4875 0 270) (size 1.425 1.75) (layers F.Cu F.Paste F.Mask) (roundrect_rratio 0.175439)
      (net 2 "Net-(D1-Pad2)"))
    (model ${KISYS3DMOD}/Diode_SMD.3dshapes/D_1206_3216Metric.wrl
      (at (xyz 0 0 0))
      (scale (xyz 1 1 1))
      (rotate (xyz 0 0 0))
    )
  )

  (module MountingHole:MountingHole_2mm (layer F.Cu) (tedit 5B924920) (tstamp 5F59F765)
    (at 16.985001 18)
    (descr "Mounting Hole 2mm, no annular")
    (tags "mounting hole 2mm no annular")
    (path /5F48178A)
    (attr virtual)
    (fp_text reference H1 (at 0 -3.2) (layer F.SilkS) hide
      (effects (font (size 1 1) (thickness 0.15)))
    )
    (fp_text value MountingHole_Pad (at 0 3.1) (layer F.Fab) hide
      (effects (font (size 1 1) (thickness 0.15)))
    )
    (fp_circle (center 0 0) (end 2.25 0) (layer F.CrtYd) (width 0.05))
    (fp_circle (center 0 0) (end 2 0) (layer Cmts.User) (width 0.15))
    (fp_text user %R (at 0.3 0) (layer F.Fab)
      (effects (font (size 1 1) (thickness 0.15)))
    )
    (pad "" np_thru_hole circle (at 0 0) (size 2 2) (drill 2) (layers *.Cu *.Mask))
  )

  (module MountingHole:MountingHole_2mm (layer F.Cu) (tedit 5B924920) (tstamp 5F59F67A)
    (at 16.985001 49.810002)
    (descr "Mounting Hole 2mm, no annular")
    (tags "mounting hole 2mm no annular")
    (path /5F4823C3)
    (attr virtual)
    (fp_text reference H2 (at 0 -3.2) (layer F.SilkS) hide
      (effects (font (size 1 1) (thickness 0.15)))
    )
    (fp_text value MountingHole_Pad (at 0 3.1) (layer F.Fab) hide
      (effects (font (size 1 1) (thickness 0.15)))
    )
    (fp_circle (center 0 0) (end 2 0) (layer Cmts.User) (width 0.15))
    (fp_circle (center 0 0) (end 2.25 0) (layer F.CrtYd) (width 0.05))
    (fp_text user %R (at 0.3 0) (layer F.Fab)
      (effects (font (size 1 1) (thickness 0.15)))
    )
    (pad "" np_thru_hole circle (at 0 0) (size 2 2) (drill 2) (layers *.Cu *.Mask))
  )

  (module MountingHole:MountingHole_2mm (layer F.Cu) (tedit 5B924920) (tstamp 5F59F750)
    (at 61.04 18)
    (descr "Mounting Hole 2mm, no annular")
    (tags "mounting hole 2mm no annular")
    (path /5F482A2F)
    (attr virtual)
    (fp_text reference H3 (at 0 -3.2) (layer F.SilkS) hide
      (effects (font (size 1 1) (thickness 0.15)))
    )
    (fp_text value MountingHole_Pad (at 0 3.1) (layer F.Fab) hide
      (effects (font (size 1 1) (thickness 0.15)))
    )
    (fp_circle (center 0 0) (end 2 0) (layer Cmts.User) (width 0.15))
    (fp_circle (center 0 0) (end 2.25 0) (layer F.CrtYd) (width 0.05))
    (fp_text user %R (at 0.3 0) (layer F.Fab)
      (effects (font (size 1 1) (thickness 0.15)))
    )
    (pad "" np_thru_hole circle (at 0 0) (size 2 2) (drill 2) (layers *.Cu *.Mask))
  )

  (module MountingHole:MountingHole_2mm (layer F.Cu) (tedit 5B924920) (tstamp 5F59F68A)
    (at 61.04 49.810002)
    (descr "Mounting Hole 2mm, no annular")
    (tags "mounting hole 2mm no annular")
    (path /5F482751)
    (attr virtual)
    (fp_text reference H4 (at 0 -3.2) (layer F.SilkS) hide
      (effects (font (size 1 1) (thickness 0.15)))
    )
    (fp_text value MountingHole_Pad (at 0 3.1) (layer F.Fab) hide
      (effects (font (size 1 1) (thickness 0.15)))
    )
    (fp_circle (center 0 0) (end 2.25 0) (layer F.CrtYd) (width 0.05))
    (fp_circle (center 0 0) (end 2 0) (layer Cmts.User) (width 0.15))
    (fp_text user %R (at 0.3 0) (layer F.Fab)
      (effects (font (size 1 1) (thickness 0.15)))
    )
    (pad "" np_thru_hole circle (at 0 0) (size 2 2) (drill 2) (layers *.Cu *.Mask))
  )

  (module Capacitor_SMD:C_0603_1608Metric (layer F.Cu) (tedit 5B301BBE) (tstamp 5F5A6C31)
    (at 16.82 27 270)
    (descr "Capacitor SMD 0603 (1608 Metric), square (rectangular) end terminal, IPC_7351 nominal, (Body size source: http://www.tortai-tech.com/upload/download/2011102023233369053.pdf), generated with kicad-footprint-generator")
    (tags capacitor)
    (path /5F5ED2DD)
    (attr smd)
    (fp_text reference C2 (at 0 -1.43 90) (layer F.SilkS) hide
      (effects (font (size 1 1) (thickness 0.15)))
    )
    (fp_text value 0.1uF (at 0 1.43 90) (layer F.Fab) hide
      (effects (font (size 1 1) (thickness 0.15)))
    )
    (fp_line (start -0.8 0.4) (end -0.8 -0.4) (layer F.Fab) (width 0.1))
    (fp_line (start -0.8 -0.4) (end 0.8 -0.4) (layer F.Fab) (width 0.1))
    (fp_line (start 0.8 -0.4) (end 0.8 0.4) (layer F.Fab) (width 0.1))
    (fp_line (start 0.8 0.4) (end -0.8 0.4) (layer F.Fab) (width 0.1))
    (fp_line (start -0.162779 -0.51) (end 0.162779 -0.51) (layer F.SilkS) (width 0.12))
    (fp_line (start -0.162779 0.51) (end 0.162779 0.51) (layer F.SilkS) (width 0.12))
    (fp_line (start -1.48 0.73) (end -1.48 -0.73) (layer F.CrtYd) (width 0.05))
    (fp_line (start -1.48 -0.73) (end 1.48 -0.73) (layer F.CrtYd) (width 0.05))
    (fp_line (start 1.48 -0.73) (end 1.48 0.73) (layer F.CrtYd) (width 0.05))
    (fp_line (start 1.48 0.73) (end -1.48 0.73) (layer F.CrtYd) (width 0.05))
    (fp_text user %R (at 0 0 90) (layer F.Fab)
      (effects (font (size 0.4 0.4) (thickness 0.06)))
    )
    (pad 1 smd roundrect (at -0.7875 0 270) (size 0.875 0.95) (layers F.Cu F.Paste F.Mask) (roundrect_rratio 0.25)
      (net 24 IN_SH_OUT))
    (pad 2 smd roundrect (at 0.7875 0 270) (size 0.875 0.95) (layers F.Cu F.Paste F.Mask) (roundrect_rratio 0.25)
      (net 13 GND))
    (model ${KISYS3DMOD}/Capacitor_SMD.3dshapes/C_0603_1608Metric.wrl
      (at (xyz 0 0 0))
      (scale (xyz 1 1 1))
      (rotate (xyz 0 0 0))
    )
  )

  (module MIDI_IO:din-5-shielded (layer F.Cu) (tedit 5F5A7709) (tstamp 5F5ADF29)
    (at 28.38 24.265 180)
    (descr "Din 5 (MIDI), Pro Signal P/N PSG03463")
    (tags "MIDI DIN")
    (path /5F5CEF14)
    (fp_text reference J_IN_1 (at 0 11.00074) (layer F.SilkS) hide
      (effects (font (size 1.524 1.524) (thickness 0.3048)))
    )
    (fp_text value DIN-5_180degree_JS (at 0 -11.00074) (layer F.SilkS) hide
      (effects (font (size 1.524 1.524) (thickness 0.3048)))
    )
    (fp_line (start -8.99922 8.7503) (end 10.50036 8.7503) (layer F.SilkS) (width 0.3048))
    (fp_line (start 8.99922 8.99922) (end -8.99922 8.99922) (layer F.SilkS) (width 0.3048))
    (fp_line (start -10.50036 9.25068) (end 8.99922 9.25068) (layer F.SilkS) (width 0.3048))
    (fp_line (start -8.99922 -8.99922) (end -8.99922 8.001) (layer F.SilkS) (width 0.3048))
    (fp_line (start -8.99922 -8.99922) (end -8.49884 -9.4996) (layer F.SilkS) (width 0.3048))
    (fp_line (start -8.49884 -9.4996) (end -5.99948 -9.4996) (layer F.SilkS) (width 0.3048))
    (fp_line (start -5.99948 -9.4996) (end -5.4991 -8.99922) (layer F.SilkS) (width 0.3048))
    (fp_line (start -5.4991 -8.99922) (end -5.4991 -7.00024) (layer F.SilkS) (width 0.3048))
    (fp_line (start -5.4991 -7.00024) (end -1.99898 -7.00024) (layer F.SilkS) (width 0.3048))
    (fp_line (start 8.99922 -8.99922) (end 8.99922 8.001) (layer F.SilkS) (width 0.3048))
    (fp_line (start 8.99922 -8.99922) (end 8.49884 -9.4996) (layer F.SilkS) (width 0.3048))
    (fp_line (start 8.49884 -9.4996) (end 6.49986 -9.4996) (layer F.SilkS) (width 0.3048))
    (fp_line (start 6.49986 -9.4996) (end 5.99948 -9.4996) (layer F.SilkS) (width 0.3048))
    (fp_line (start 5.99948 -9.4996) (end 5.4991 -8.99922) (layer F.SilkS) (width 0.3048))
    (fp_line (start 5.4991 -8.99922) (end 5.4991 -7.00024) (layer F.SilkS) (width 0.3048))
    (fp_line (start 5.4991 -7.00024) (end 1.99898 -7.00024) (layer F.SilkS) (width 0.3048))
    (fp_line (start -1.50114 -9.4996) (end -1.99898 -8.99922) (layer F.SilkS) (width 0.3048))
    (fp_line (start -1.99898 -8.99922) (end -1.99898 -7.00024) (layer F.SilkS) (width 0.3048))
    (fp_line (start -1.50114 -9.4996) (end 1.50114 -9.4996) (layer F.SilkS) (width 0.3048))
    (fp_line (start 1.50114 -9.4996) (end 1.99898 -8.99922) (layer F.SilkS) (width 0.3048))
    (fp_line (start 1.99898 -8.99922) (end 1.99898 -7.00024) (layer F.SilkS) (width 0.3048))
    (fp_line (start 10.50036 8.99922) (end 8.99922 8.99922) (layer F.SilkS) (width 0.3048))
    (fp_line (start 8.99922 8.99922) (end 8.99922 9.4996) (layer F.SilkS) (width 0.3048))
    (fp_line (start 8.99922 9.4996) (end -10.50036 9.4996) (layer F.SilkS) (width 0.3048))
    (fp_line (start -10.50036 8.99922) (end -8.99922 8.99922) (layer F.SilkS) (width 0.3048))
    (fp_line (start -8.99922 8.99922) (end -8.99922 8.49884) (layer F.SilkS) (width 0.3048))
    (fp_line (start -8.99922 8.49884) (end 10.50036 8.49884) (layer F.SilkS) (width 0.3048))
    (fp_line (start 8.99922 8.001) (end 8.49884 8.001) (layer F.SilkS) (width 0.3048))
    (fp_line (start -8.99922 8.001) (end -8.49884 8.001) (layer F.SilkS) (width 0.3048))
    (fp_line (start 8.49884 8.49884) (end 8.49884 8.001) (layer F.SilkS) (width 0.3048))
    (fp_line (start -8.49884 8.001) (end -8.49884 8.49884) (layer F.SilkS) (width 0.3048))
    (fp_line (start -10.50036 9.4996) (end -10.50036 8.99922) (layer F.SilkS) (width 0.3048))
    (fp_line (start 10.50036 8.49884) (end 10.50036 8.99922) (layer F.SilkS) (width 0.3048))
    (pad 3 thru_hole circle (at -7.49808 -2.9972 180) (size 2.49936 2.49936) (drill 1.397) (layers *.Cu *.SilkS *.Mask)
      (net 11 "Net-(J_IN_1-Pad3)"))
    (pad 4 thru_hole circle (at 4.99618 -5.4991 180) (size 2.49936 2.49936) (drill 1.397) (layers *.Cu *.SilkS *.Mask)
      (net 8 "Net-(FB3-Pad2)"))
    (pad 2 thru_hole circle (at 0 -2.99974 180) (size 2.49936 2.49936) (drill 1.397) (layers *.Cu *.SilkS *.Mask)
      (net 23 IN_SH))
    (pad 1 thru_hole circle (at 7.49808 -2.9972 180) (size 2.49936 2.49936) (drill 1.397) (layers *.Cu *.SilkS *.Mask)
      (net 10 "Net-(J_IN_1-Pad1)"))
    (pad 5 thru_hole circle (at -4.99618 -5.4991 180) (size 2.49936 2.49936) (drill 1.397) (layers *.Cu *.SilkS *.Mask)
      (net 9 "Net-(FB4-Pad2)"))
    (pad 6 thru_hole circle (at 5.08 6.9977 180) (size 2.49936 2.49936) (drill 1.397) (layers *.Cu *.SilkS *.Mask)
      (net 24 IN_SH_OUT))
    (pad 6 thru_hole circle (at -5.00126 6.9977 180) (size 2.49936 2.49936) (drill 1.397) (layers *.Cu *.SilkS *.Mask)
      (net 24 IN_SH_OUT))
    (model walter/conn_av/din-5.wrl
      (at (xyz 0 0 0))
      (scale (xyz 1 1 1))
      (rotate (xyz 0 0 0))
    )
  )

  (module MIDI_IO:din-5-shielded (layer F.Cu) (tedit 5F5A7709) (tstamp 5F5ADF55)
    (at 49.7 24.165 180)
    (descr "Din 5 (MIDI), Pro Signal P/N PSG03463")
    (tags "MIDI DIN")
    (path /5F5B7320)
    (fp_text reference J_OUT_1 (at 0 11.00074) (layer F.SilkS) hide
      (effects (font (size 1.524 1.524) (thickness 0.3048)))
    )
    (fp_text value DIN-5_180degree_JS (at 0 -11.00074) (layer F.SilkS) hide
      (effects (font (size 1.524 1.524) (thickness 0.3048)))
    )
    (fp_line (start 10.50036 8.49884) (end 10.50036 8.99922) (layer F.SilkS) (width 0.3048))
    (fp_line (start -10.50036 9.4996) (end -10.50036 8.99922) (layer F.SilkS) (width 0.3048))
